10 -110
10 -10
49 -14
52 -48
9 -60
52 -74
53 -107
9 -113
55 -110
87 -12
106 -110
144 -8
166 -111
153 -53
126 -60
153 -53
166 -111
174 -94
237 -93
244 -110
237 -93
224 -92
222 -53
186 -12
183 -93
237 -93
244 -110
253 -11
244 -110
305 -17
300 -111
340 -12
321 -62
386 -12
321 -62
365 -111

505 -112
507 -5
505 -59
556 -6
505 -59
563 -110
590 -111

572 -59
597 -6
636 -5
656 -56
628 -112
594 -113
668 -103

709 -117
744 -76
701 -57
754 -47
739 -9
687 -21
739 -9
754 -47
701 -57
744 -76
709 -117

845 -122
783 -121
788 -72
840 -73
790 -72
789 -21
847 -27
789 -21
783 -121
865 -122
904 -21
934 -121
